id;name;description
1;Unbranded wireless;THX set compress
2;HTTP Operations Computer;Bedfordshire Orchestrator
3;payment bandwidth;evolve integrate
4;e-enable Networked Wooden;Handmade convergence
5;eyeballs Devolved Car;syndicate Market
6;mission-critical;Kids Dynamic Streamlined
7;Front-line Throughway;Monitored Unbranded capacity
8;THX;Cambridgeshire B2B
9;Credit;withdrawal
10;Cambridgeshire;strategize feed Account
